3 0.304688 0.104492 0.164062 0.052734
3 0.246094 0.200195 0.074219 0.072266
3 0.165039 0.353516 0.064453 0.226562
0 0.527344 0.110352 0.230469 0.142578
0 0.535156 0.279297 0.445312 0.191406
0 0.539062 0.545898 0.640625 0.322266
0 0.434570 0.812500 0.380859 0.195312
0 0.715820 0.786133 0.177734 0.142578
0 0.097656 0.568359 0.035156 0.164062
0 0.120117 0.692383 0.044922 0.076172
0 0.045898 0.527344 0.041016 0.207031
3 0.908203 0.488281 0.066406 0.320312
3 0.857422 0.280273 0.078125 0.091797
3 0.799805 0.182617 0.083984 0.083984
3 0.725586 0.112305 0.052734 0.056641
0 0.684570 0.158203 0.087891 0.042969
