3 0.159180 0.555664 0.052734 0.271484
3 0.241211 0.192383 0.107422 0.080078
3 0.158203 0.341797 0.085938 0.136719
0 0.520508 0.124023 0.185547 0.138672
0 0.571289 0.293945 0.482422 0.169922
0 0.531250 0.483398 0.644531 0.205078
0 0.529297 0.671875 0.582031 0.167969
0 0.464844 0.818359 0.382812 0.109375
0 0.706055 0.802734 0.095703 0.085938
0 0.470703 0.901367 0.269531 0.056641
3 0.905273 0.479492 0.052734 0.271484
3 0.863281 0.690430 0.066406 0.115234
3 0.861328 0.282227 0.066406 0.115234
3 0.308594 0.108398 0.164062 0.052734
