0 0.347656 0.865234 0.191406 0.113281
0 0.562500 0.112305 0.277344 0.134766
0 0.573242 0.485352 0.349609 0.580078
0 0.309570 0.597656 0.169922 0.414062
0 0.804688 0.525391 0.093750 0.429688
0 0.365234 0.326172 0.058594 0.113281
0 0.591797 0.828125 0.242188 0.093750
3 0.323242 0.131836 0.158203 0.130859
3 0.197266 0.243164 0.253906 0.068359
3 0.148438 0.323242 0.214844 0.060547
3 0.106445 0.540039 0.173828 0.357422
3 0.894531 0.478516 0.058594 0.269531
3 0.834961 0.258789 0.072266 0.087891
3 0.151367 0.774414 0.072266 0.087891
