3 0.130859 0.446289 0.105469 0.150391
3 0.212891 0.221680 0.082031 0.099609
3 0.298828 0.122070 0.082031 0.099609
3 0.909180 0.469727 0.068359 0.283203
3 0.875977 0.663086 0.044922 0.087891
3 0.833008 0.750000 0.060547 0.046875
3 0.780273 0.804688 0.060547 0.046875
3 0.165039 0.614258 0.052734 0.154297
0 0.526367 0.114258 0.205078 0.126953
0 0.565430 0.247070 0.455078 0.119141
0 0.542969 0.511719 0.613281 0.394531
0 0.485352 0.782227 0.509766 0.130859
0 0.487305 0.876953 0.373047 0.058594
0 0.306641 0.258789 0.054688 0.099609
