0 0.547852 0.107422 0.248047 0.101562
0 0.557617 0.220703 0.466797 0.125000
0 0.554688 0.465820 0.593750 0.361328
0 0.448242 0.776367 0.361328 0.259766
0 0.667969 0.765625 0.070312 0.230469
0 0.767578 0.692383 0.125000 0.095703
0 0.237305 0.501953 0.044922 0.312500
0 0.053711 0.486328 0.044922 0.312500
0 0.143555 0.707031 0.048828 0.125000
0 0.202148 0.816406 0.064453 0.078125
3 0.162109 0.457031 0.082031 0.332031
3 0.229492 0.218750 0.083984 0.097656
3 0.321289 0.084961 0.111328 0.056641
3 0.905273 0.494141 0.060547 0.312500
3 0.860352 0.694336 0.052734 0.052734
3 0.803711 0.778320 0.052734 0.052734
3 0.831055 0.231445 0.052734 0.052734
