0 0.180664 0.272461 0.064453 0.130859
0 0.127930 0.424805 0.064453 0.130859
0 0.097656 0.609375 0.023438 0.070312
0 0.486328 0.790039 0.527344 0.083984
0 0.477539 0.877930 0.400391 0.083984
0 0.506836 0.591797 0.580078 0.312500
0 0.538086 0.340820 0.595703 0.173828
0 0.567383 0.191406 0.392578 0.121094
0 0.546875 0.082031 0.261719 0.089844
3 0.905273 0.489258 0.064453 0.255859
3 0.879883 0.672852 0.064453 0.099609
3 0.872070 0.295898 0.064453 0.099609
3 0.266602 0.133789 0.197266 0.123047
3 0.166016 0.657227 0.085938 0.279297
