0 0.533203 0.089844 0.207031 0.058594
0 0.534180 0.161133 0.349609 0.072266
0 0.550781 0.252930 0.488281 0.095703
0 0.543945 0.356445 0.603516 0.103516
0 0.537109 0.475586 0.683594 0.119141
0 0.539062 0.598633 0.683594 0.119141
0 0.536133 0.712891 0.623047 0.105469
0 0.499023 0.817383 0.501953 0.087891
0 0.483398 0.901367 0.259766 0.076172
0 0.112305 0.642578 0.033203 0.191406
3 0.186523 0.294922 0.080078 0.140625
3 0.261719 0.158203 0.058594 0.125000
3 0.323242 0.098633 0.052734 0.087891
3 0.387695 0.081055 0.056641 0.044922
3 0.835938 0.249023 0.066406 0.083984
3 0.885742 0.357422 0.060547 0.105469
3 0.909180 0.519531 0.041016 0.195312
3 0.134766 0.450195 0.105469 0.150391
