3 0.548828 0.317383 0.167969 0.240234
0 0.246094 0.803711 0.101562 0.177734
3 0.566406 0.571289 0.167969 0.240234
3 0.416992 0.637695 0.072266 0.068359
3 0.460938 0.134766 0.175781 0.085938
0 0.145508 0.728516 0.060547 0.128906
0 0.255859 0.654297 0.109375 0.101562
0 0.705078 0.742188 0.101562 0.195312
0 0.579102 0.868164 0.130859 0.087891
0 0.362305 0.787109 0.048828 0.109375
0 0.777344 0.458984 0.117188 0.335938
0 0.721680 0.224609 0.107422 0.125000
0 0.623047 0.128906 0.097656 0.097656
0 0.248047 0.112305 0.058594 0.064453
0 0.176758 0.264648 0.080078 0.173828
0 0.112305 0.575195 0.048828 0.166016
0 0.348633 0.576172 0.099609 0.078125
3 0.886719 0.494141 0.058594 0.273438
3 0.850586 0.709961 0.048828 0.091797
