3 0.147461 0.770508 0.072266 0.087891
3 0.346680 0.119141 0.138672 0.078125
3 0.309570 0.195312 0.068359 0.054688
3 0.249023 0.285156 0.068359 0.054688
3 0.194336 0.362305 0.052734 0.060547
3 0.157227 0.465820 0.052734 0.060547
3 0.149414 0.557617 0.052734 0.060547
3 0.150391 0.659180 0.058594 0.111328
3 0.080078 0.444336 0.058594 0.111328
3 0.101562 0.296875 0.050781 0.128906
3 0.170898 0.182617 0.091797 0.060547
0 0.210938 0.232422 0.039062 0.035156
0 0.536133 0.111328 0.185547 0.089844
0 0.575195 0.491211 0.314453 0.650391
0 0.357422 0.587891 0.109375 0.660156
0 0.263672 0.625000 0.074219 0.539062
0 0.777344 0.494141 0.074219 0.539062
0 0.844727 0.522461 0.052734 0.341797
0 0.548828 0.871094 0.261719 0.093750
3 0.899414 0.523438 0.044922 0.285156
